state,year,labor_force,employed,unemployed
Alabama,1976,1501284,1399080,102204
Alabama,1977,1568504,1453781,114723
Alabama,1978,1621710,1518309,103401
Alabama,1979,1656358,1537596,118762
Alabama,1980,1669289,1521183,148106
Alabama,1981,1677652,1500534,177118
Alabama,1982,1716324,1474143,242181
Alabama,1983,1756953,1514551,242402
Alabama,1984,1788133,1591093,197040
Alabama,1985,1802728,1637751,164977
Alabama,1986,1861327,1680722,180605
Alabama,1987,1869005,1718107,150898
Alabama,1988,1877663,1742376,135287
Alabama,1989,1896227,1762813,133414
Alabama,1990,1907367,1778143,129224
Alabama,1991,1920555,1779490,141065
Alabama,1992,1965516,1816526,148990
Alabama,1993,2003905,1856754,147151
Alabama,1994,2026692,1900856,125836
Alabama,1995,2067444,1943878,123566
Alabama,1996,2086463,1977334,109129
Alabama,1997,2133573,2027064,106509
Alabama,1998,2136177,2042291,93886
Alabama,1999,2140296,2038889,101407
Alabama,2000,2133223,2035594,97629
Alabama,2001,2115401,2006884,108517
Alabama,2002,2106161,1981919,124242
Alabama,2003,2120225,1992732,127493
Alabama,2004,2136458,2014889,121569
Alabama,2005,2146025,2049791,96234
Alabama,2006,2167809,2080233,87576
Alabama,2007,2175612,2089127,86485
Alabama,2008,2176489,2053477,123012
Alabama,2009,2162999,1924747,238252
Alabama,2010,2196042,1964559,231483
Alabama,2011,2202670,1990413,212257
Alabama,2012,2176337,2003290,173047
Alabama,2013,2174000,2017043,156957
Alabama,2014,2160842,2014290,146552
Alabama,2015,2158293,2026898,131395
Alabama,2016,2177209,2049971,127238
Alabama,2017,2178243,2081676,96567
Alabama,2018,2198837,2112347,86490
Alaska,1976,163570,151190,12380
Alaska,1977,173013,155948,17065
Alaska,1978,182111,162730,19381
Alaska,1979,183807,166730,17077
Alaska,1980,187405,169397,18008
Alaska,1981,196157,177803,18354
Alaska,1982,212806,191699,21107
Alaska,1983,231721,208713,23008
Alaska,1984,245452,221308,24144
Alaska,1985,252127,227693,24434
Alaska,1986,255131,227228,27903
Alaska,1987,248599,223042,25557
Alaska,1988,248861,226968,21893
Alaska,1989,255617,237686,17931
Alaska,1990,268422,249038,19384
Alaska,1991,276276,252921,23355
Alaska,1992,287216,261624,25592
Alaska,1993,295432,272709,22723
Alaska,1994,302371,279471,22900
Alaska,1995,304160,281889,22271
Alaska,1996,309772,286252,23520
Alaska,1997,313217,290845,22372
Alaska,1998,315870,295823,20047
Alaska,1999,317943,297354,20589
Alaska,2000,319511,299146,20365
Alaska,2001,321393,300731,20662
Alaska,2002,326401,302580,23821
Alaska,2003,331669,305723,25946
Alaska,2004,336743,311643,25100
Alaska,2005,344559,320811,23748
Alaska,2006,349691,326542,23149
Alaska,2007,350785,328579,22206
Alaska,2008,356109,332285,23824
Alaska,2009,359647,331792,27855
Alaska,2010,361913,333416,28497
Alaska,2011,365913,338161,27752
Alaska,2012,365519,339474,26045
Alaska,2013,365292,339801,25491
Alaska,2014,365383,340302,25081
Alaska,2015,363396,339724,23672
Alaska,2016,362231,337369,24862
Alaska,2017,360759,335682,25077
Alaska,2018,356886,333375,23511
Arizona,1976,987060,890988,96072
Arizona,1977,1042116,956606,85510
Arizona,1978,1082446,1017179,65267
Arizona,1979,1152471,1093987,58484
Arizona,1980,1228001,1146371,81630
Arizona,1981,1271678,1192377,79301
Arizona,1982,1341767,1206118,135649
Arizona,1983,1386057,1264176,121881
Arizona,1984,1431770,1357616,74154
Arizona,1985,1487075,1392656,94419
Arizona,1986,1562728,1454740,107988
Arizona,1987,1618230,1513853,104377
Arizona,1988,1666073,1559871,106202
Arizona,1989,1718674,1627178,91496
Arizona,1990,1786186,1691876,94310
Arizona,1991,1805012,1697675,107337
Arizona,1992,1873606,1732327,141279
Arizona,1993,1949027,1824253,124774
Arizona,1994,2104125,1974779,129346
Arizona,1995,2229131,2109900,119231
Arizona,1996,2285205,2157966,127239
Arizona,1997,2308569,2202911,105658
Arizona,1998,2387027,2284323,102704
Arizona,1999,2473013,2363084,109929
Arizona,2000,2509883,2410581,99302
Arizona,2001,2585284,2461498,123786
Arizona,2002,2679421,2516006,163415
Arizona,2003,2736000,2578854,157146
Arizona,2004,2796269,2655428,140841
Arizona,2005,2883226,2748372,134854
Arizona,2006,2990441,2864385,126056
Arizona,2007,3034016,2917117,116899
Arizona,2008,3104863,2913903,190960
Arizona,2009,3128110,2817577,310533
Arizona,2010,3089705,2769454,320251
Arizona,2011,3037017,2748470,288547
Arizona,2012,3028878,2776349,252529
Arizona,2013,3029425,2794697,234728
Arizona,2014,3099884,2889380,210504
Arizona,2015,3166615,2974540,192075
Arizona,2016,3240590,3066011,174579
Arizona,2017,3327949,3165127,162822
Arizona,2018,3439755,3273550,166205
Arkansas,1976,891608,829394,62214
Arkansas,1977,930260,869982,60278
Arkansas,1978,952308,893511,58797
Arkansas,1979,984461,923371,61090
Arkansas,1980,998280,922894,75386
Arkansas,1981,1023163,933766,89397
Arkansas,1982,1024106,922554,101552
Arkansas,1983,1031664,930038,101626
Arkansas,1984,1042889,952014,90875
Arkansas,1985,1047947,956947,91000
Arkansas,1986,1067484,976138,91346
Arkansas,1987,1092247,1003871,88376
Arkansas,1988,1111749,1027345,84404
Arkansas,1989,1128467,1049579,78888
Arkansas,1990,1131830,1053833,77997
Arkansas,1991,1129518,1045529,83989
Arkansas,1992,1154527,1072508,82019
Arkansas,1993,1177924,1105538,72386
Arkansas,1994,1218426,1153107,65319
Arkansas,1995,1238738,1178835,59903
Arkansas,1996,1248668,1183048,65620
Arkansas,1997,1242594,1177521,65073
Arkansas,1998,1241352,1177122,64230
Arkansas,1999,1255032,1197320,57712
Arkansas,2000,1258301,1204695,53606
Arkansas,2001,1253456,1191273,62183
Arkansas,2002,1270997,1201422,69575
Arkansas,2003,1271696,1196299,75397
Arkansas,2004,1300318,1226123,74195
Arkansas,2005,1345913,1275448,70465
Arkansas,2006,1365410,1294906,70504
Arkansas,2007,1369284,1296572,72712
Arkansas,2008,1375257,1300017,75240
Arkansas,2009,1358911,1252399,106512
Arkansas,2010,1353338,1242496,110842
Arkansas,2011,1362682,1249514,113168
Arkansas,2012,1342753,1241127,101626
Arkansas,2013,1322576,1226859,95717
Arkansas,2014,1316506,1237248,79258
Arkansas,2015,1331631,1264538,67093
Arkansas,2016,1340002,1286875,53127
Arkansas,2017,1347630,1297652,49978
Arkansas,2018,1351496,1301459,50037
California,1976,9899372,8994291,905081
California,1977,10382340,9518343,863997
California,1978,10905557,10125077,780480
California,1979,11279488,10574856,704632
California,1980,11579052,10787673,791379
California,1981,11829789,10953612,876177
California,1982,12152372,10942811,1209561
California,1983,12293797,11090005,1203792
California,1984,12637075,11656587,980488
California,1985,12982818,12051618,931200
California,1986,13335690,12438577,897113
California,1987,13743990,12945765,798225
California,1988,14141442,13392506,748936
California,1989,14552934,13806871,746063
California,1990,15138423,14264158,874265
California,1991,15126481,13960003,1166478
California,1992,15304998,13880944,1424054
California,1993,15261199,13817032,1444167
California,1994,15256527,13944739,1311788
California,1995,15246014,14048225,1197789
California,1996,15422616,14300443,1122173
California,1997,15790063,14784636,1005427
California,1998,16144564,15184470,960094
California,1999,16416600,15555278,861322
California,2000,16867808,16033179,834629
California,2001,17128430,16197671,930759
California,2002,17257097,16108685,1148412
California,2003,17277618,16102840,1174778
California,2004,17383631,16303996,1079635
California,2005,17530064,16582651,947413
California,2006,17654109,16789422,864687
California,2007,17893080,16931590,961490
California,2008,18178123,16854482,1323641
California,2009,18215140,16182572,2032568
California,2010,18336271,16091945,2244326
California,2011,18415100,16258133,2156967
California,2012,18523793,16602672,1921121
California,2013,18624992,16958403,1666589
California,2014,18714706,17310937,1403769
California,2015,18851079,17681849,1169230
California,2016,19044471,18002773,1041698
California,2017,19205295,18285492,919803
California,2018,19398212,18582802,815410
Colorado,1976,1241819,1169467,72352
Colorado,1977,1292960,1210829,82131
Colorado,1978,1347646,1272961,74685
Colorado,1979,1429392,1361535,67857
Colorado,1980,1491648,1405381,86267
Colorado,1981,1539314,1450918,88396
Colorado,1982,1595941,1478789,117152
Colorado,1983,1666793,1548743,118050
Colorado,1984,1715898,1622610,93288
Colorado,1985,1714199,1610284,103915
Colorado,1986,1705842,1577648,128194
Colorado,1987,1701342,1573086,128256
Colorado,1988,1697028,1586629,110399
Colorado,1989,1702489,1606176,96313
Colorado,1990,1763683,1671823,91860
Colorado,1991,1794287,1700069,94218
Colorado,1992,1845245,1734715,110530
Colorado,1993,1931142,1828679,102463
Colorado,1994,2039524,1952999,86525
Colorado,1995,2124988,2039647,85341
Colorado,1996,2154732,2063318,91414
Colorado,1997,2217553,2140797,76756
Colorado,1998,2311582,2227846,83736
Colorado,1999,2344282,2272197,72085
Colorado,2000,2359515,2294408,65107
Colorado,2001,2391048,2300113,90935
Colorado,2002,2442992,2307685,135307
Colorado,2003,2486229,2338207,148022
Colorado,2004,2532361,2393559,138802
Colorado,2005,2563900,2435082,128818
Colorado,2006,2622243,2509729,112514
Colorado,2007,2664677,2565218,99459
Colorado,2008,2716625,2585243,131382
Colorado,2009,2722982,2524443,198539
Colorado,2010,2724417,2486404,238013
Colorado,2011,2736079,2507265,228814
Colorado,2012,2757222,2539941,217281
Colorado,2013,2767153,2577556,189597
Colorado,2014,2802528,2662404,140124
Colorado,2015,2828876,2719500,109376
Colorado,2016,2896771,2803436,93335
Colorado,2017,2992412,2911079,81333
Colorado,2018,3096358,2994752,101606
Connecticut,1976,1455740,1320510,135230
Connecticut,1977,1484885,1380972,103913
Connecticut,1978,1513504,1434580,78924
Connecticut,1979,1562654,1482436,80218
Connecticut,1980,1588290,1496088,92202
Connecticut,1981,1596437,1497809,98628
Connecticut,1982,1608804,1498489,110315
Connecticut,1983,1619703,1522446,97257
Connecticut,1984,1663064,1585450,77614
Connecticut,1985,1710255,1629294,80961
Connecticut,1986,1737273,1670498,66775
Connecticut,1987,1750361,1691514,58847
Connecticut,1988,1746643,1694869,51774
Connecticut,1989,1772352,1705616,66736
Connecticut,1990,1819775,1726482,93293
Connecticut,1991,1841104,1720656,120448
Connecticut,1992,1827707,1689684,138023
Connecticut,1993,1795716,1676578,119138
Connecticut,1994,1756296,1657825,98471
Connecticut,1995,1734064,1639060,95004
Connecticut,1996,1741727,1645952,95775
Connecticut,1997,1752540,1664912,87628
Connecticut,1998,1742196,1682342,59854
Connecticut,1999,1754565,1704134,50431
Connecticut,2000,1764126,1721913,42213
Connecticut,2001,1759829,1704774,55055
Connecticut,2002,1774152,1697127,77025
Connecticut,2003,1784260,1687924,96336
Connecticut,2004,1774193,1686213,87980
Connecticut,2005,1796976,1709382,87594
Connecticut,2006,1828651,1749191,79460
Connecticut,2007,1856209,1773159,83050
Connecticut,2008,1881454,1774681,106773
Connecticut,2009,1891077,1740971,150106
Connecticut,2010,1911712,1737449,174263
Connecticut,2011,1914775,1745967,168808
Connecticut,2012,1887419,1729838,157581
Connecticut,2013,1863337,1717764,145573
Connecticut,2014,1887428,1762564,124864
Connecticut,2015,1888878,1780840,108038
Connecticut,2016,1891275,1793904,97371
Connecticut,2017,1896938,1807506,89432
Connecticut,2018,1905312,1827070,78242
Delaware,1976,264791,241614,23177
Delaware,1977,272833,249732,23101
Delaware,1978,277334,256771,20563
Delaware,1979,280816,260517,20299
Delaware,1980,283955,262384,21571
Delaware,1981,287919,265348,22571
Delaware,1982,294391,269723,24668
Delaware,1983,296258,273360,22898
Delaware,1984,307185,287859,19326
Delaware,1985,316652,300368,16284
Delaware,1986,324857,310780,14077
Delaware,1987,332990,322702,10288
Delaware,1988,348445,337484,10961
Delaware,1989,359658,347126,12532
Delaware,1990,360223,343199,17024
Delaware,1991,361714,339303,22411
Delaware,1992,367162,347253,19909
Delaware,1993,376854,357777,19077
Delaware,1994,384827,366324,18503
Delaware,1995,385838,369200,16638
Delaware,1996,388134,368254,19880
Delaware,1997,387597,372144,15453
Delaware,1998,394889,380250,14639
Delaware,1999,398783,385190,13593
Delaware,2000,413500,398027,15473
Delaware,2001,421786,407033,14753
Delaware,2002,416783,400019,16764
Delaware,2003,415160,397472,17688
Delaware,2004,420384,403599,16785
Delaware,2005,432409,414465,17944
Delaware,2006,441184,425399,15785
Delaware,2007,443573,428312,15261
Delaware,2008,447041,424914,22127
Delaware,2009,437500,401312,36188
Delaware,2010,434419,397869,36550
Delaware,2011,443346,410086,33260
Delaware,2012,445572,413457,32115
Delaware,2013,442728,413119,29609
Delaware,2014,452187,426325,25862
Delaware,2015,465731,443100,22631
Delaware,2016,472242,450911,21331
Delaware,2017,476844,455489,21355
Delaware,2018,482465,464337,18128
Florida,1976,3602310,3272065,330245
Florida,1977,3724245,3419987,304258
Florida,1978,3962454,3695902,266552
Florida,1979,4135752,3890380,245372
Florida,1980,4274346,4014765,259581
Florida,1981,4527425,4224775,302650
Florida,1982,4729458,4330894,398564
Florida,1983,4927448,4508687,418761
Florida,1984,5161635,4832656,328979
Florida,1985,5342656,5023378,319278
Florida,1986,5590997,5267509,323488
Florida,1987,5859869,5549518,310351
Florida,1988,6054325,5744058,310267
Florida,1989,6237743,5890508,347235
Florida,1990,6464169,6068832,395337
Florida,1991,6532429,6040216,492213
Florida,1992,6657112,6108967,548145
Florida,1993,6756534,6274934,481600
Florida,1994,6947512,6499945,447567
Florida,1995,7046151,6656533,389618
Florida,1996,7169990,6800128,369862
Florida,1997,7368111,7015836,352275
Florida,1998,7521469,7196659,324810
Florida,1999,7657159,7359460,297699
Florida,2000,7856895,7565981,290914
Florida,2001,8043714,7669117,374597
Florida,2002,8114409,7656349,458060
Florida,2003,8210696,7783148,427548
Florida,2004,8440428,8049908,390520
Florida,2005,8720970,8398974,321996
Florida,2006,9000204,8709522,290682
Florida,2007,9157124,8789770,367354
Florida,2008,9215524,8637164,578360
Florida,2009,9094825,8148123,946702
Florida,2010,9212066,8193659,1018407
Florida,2011,9300542,8371638,928904
Florida,2012,9382993,8588669,794324
Florida,2013,9453747,8770084,683663
Florida,2014,9567295,8966245,601050
Florida,2015,9608398,9084483,523915
Florida,2016,9825693,9354560,471133
Florida,2017,10093451,9669228,424223
Florida,2018,10234770,9869673,365097
Georgia,1976,2273932,2087587,186345
Georgia,1977,2332184,2171434,160750
Georgia,1978,2410909,2272970,137939
Georgia,1979,2467596,2341422,126174
Georgia,1980,2533586,2373390,160196
Georgia,1981,2600075,2434001,166074
Georgia,1982,2655895,2448223,207672
Georgia,1983,2692349,2484166,208183
Georgia,1984,2769779,2601033,168746
Georgia,1985,2877663,2692830,184833
Georgia,1986,2982631,2804930,177701
Georgia,1987,3063215,2889508,173707
Georgia,1988,3144406,2964789,179617
Georgia,1989,3208446,3031606,176840
Georgia,1990,3283912,3104564,179348
Georgia,1991,3278409,3108166,170243
Georgia,1992,3399695,3164618,235077
Georgia,1993,3480778,3271285,209493
Georgia,1994,3593963,3406072,187891
Georgia,1995,3682926,3504765,178161
Georgia,1996,3810136,3632917,177219
Georgia,1997,3960492,3779217,181275
Georgia,1998,4072762,3898825,173937
Georgia,1999,4153499,3990393,163106
Georgia,2000,4222253,4071557,150696
Georgia,2001,4262041,4089559,172482
Georgia,2002,4327691,4110874,216817
Georgia,2003,4394437,4182521,211916
Georgia,2004,4451800,4239065,212735
Georgia,2005,4586420,4341223,245197
Georgia,2006,4710775,4489128,221647
Georgia,2007,4815818,4597640,218178
Georgia,2008,4879253,4575010,304243
Georgia,2009,4787749,4311854,475895
Georgia,2010,4696676,4202052,494624
Georgia,2011,4748754,4263305,485449
Georgia,2012,4787367,4348083,439284
Georgia,2013,4756157,4366374,389783
Georgia,2014,4738946,4403433,335513
Georgia,2015,4775453,4490414,285039
Georgia,2016,4921491,4658053,263438
Georgia,2017,5058960,4822263,236697
Georgia,2018,5107656,4906411,201245
Hawaii,1976,409847,371344,38503
Hawaii,1977,416882,384049,32833
Hawaii,1978,418444,388852,29592
Hawaii,1979,425536,399647,25889
Hawaii,1980,438848,416797,22051
Hawaii,1981,450177,425803,24374
Hawaii,1982,458778,429816,28962
Hawaii,1983,471578,442480,29098
Hawaii,1984,472988,446129,26859
Hawaii,1985,479158,453370,25788
Hawaii,1986,491387,467935,23452
Hawaii,1987,510628,491212,19416
Hawaii,1988,517775,501341,16434
Hawaii,1989,527490,514168,13322
Hawaii,1990,550921,536216,14705
Hawaii,1991,571588,555187,16401
Hawaii,1992,584253,558936,25317
Hawaii,1993,586404,560114,26290
Hawaii,1994,585215,552917,32298
Hawaii,1995,586481,552009,34472
Hawaii,1996,595598,558167,37431
Hawaii,1997,600954,563580,37374
Hawaii,1998,601583,564957,36626
Hawaii,1999,602907,570394,32513
Hawaii,2000,605947,580214,25733
Hawaii,2001,610630,583187,27443
Hawaii,2002,600924,575594,25330
Hawaii,2003,603122,578323,24799
Hawaii,2004,610912,590156,20756
Hawaii,2005,626912,608957,17955
Hawaii,2006,638260,621573,16687
Hawaii,2007,638395,620535,17860
Hawaii,2008,639691,612120,27571
Hawaii,2009,631690,586522,45168
Hawaii,2010,647249,602282,44967
Hawaii,2011,660253,615319,44934
Hawaii,2012,647185,608302,38883
Hawaii,2013,651557,619691,31866
Hawaii,2014,665465,636495,28970
Hawaii,2015,673967,649950,24017
Hawaii,2016,682961,662784,20177
Hawaii,2017,683618,667009,16609
Hawaii,2018,678734,662128,16606
Idaho,1976,373138,352371,20767
Idaho,1977,397769,374822,22947
Idaho,1978,416943,394249,22694
Idaho,1979,429329,404370,24959
Idaho,1980,428739,396448,32291
Idaho,1981,430350,397016,33334
Idaho,1982,442756,398783,43973
Idaho,1983,453993,413403,40590
Idaho,1984,462704,428843,33861
Idaho,1985,466588,429858,36730
Idaho,1986,471760,431928,39832
Idaho,1987,470758,434907,35851
Idaho,1988,479124,450247,28877
Idaho,1989,489473,463567,25906
Idaho,1990,492490,465255,27235
Idaho,1991,508081,476505,31576
Idaho,1992,531126,497372,33754
Idaho,1993,554106,520963,33143
Idaho,1994,587134,555338,31796
Idaho,1995,600704,568218,32486
Idaho,1996,616791,584137,32654
Idaho,1997,633725,601135,32590
Idaho,1998,649435,616282,33153
Idaho,1999,651207,619237,31970
Idaho,2000,659824,628844,30980
Idaho,2001,677665,643280,34385
Idaho,2002,684591,646549,38042
Idaho,2003,690005,651335,38670
Idaho,2004,703062,668441,34621
Idaho,2005,731670,702291,29379
Idaho,2006,747377,721346,26031
Idaho,2007,754438,731235,23203
Idaho,2008,755153,716653,38500
Idaho,2009,757131,690722,66409
Idaho,2010,761056,692826,68230
Idaho,2011,765178,701466,63712
Idaho,2012,769256,713704,55552
Idaho,2013,770833,723636,47197
Idaho,2014,779986,742302,37684
Idaho,2015,795983,762279,33704
Idaho,2016,815077,784172,30905
Idaho,2017,834698,807819,26879
Idaho,2018,857049,832732,24317
Illinois,1976,5149989,4808498,341491
Illinois,1977,5281924,4955219,326705
Illinois,1978,5422862,5098059,324803
Illinois,1979,5448408,5147184,301224
Illinois,1980,5554539,5101693,452846
Illinois,1981,5592209,5114483,477726
Illinois,1982,5614249,4976383,637866
Illinois,1983,5603113,4943293,659820
Illinois,1984,5611290,5104429,506861
Illinois,1985,5672208,5158654,513554
Illinois,1986,5694686,5223314,471372
Illinois,1987,5756424,5327984,428440
Illinois,1988,5849194,5458962,390232
Illinois,1989,5994211,5632943,361268
Illinois,1990,5947011,5581864,365147
Illinois,1991,5944289,5513326,430963
Illinois,1992,6027916,5552539,475377
Illinois,1993,6072484,5620733,451751
Illinois,1994,6108648,5755545,353103
Illinois,1995,6174337,5855655,318682
Illinois,1996,6247845,5917463,330382
Illinois,1997,6300928,5999611,301317
Illinois,1998,6347005,6066484,280521
Illinois,1999,6467988,6186543,281445
Illinois,2000,6493466,6211404,282062
Illinois,2001,6457922,6113677,344245
Illinois,2002,6349239,5933897,415342
Illinois,2003,6300221,5874608,425613
Illinois,2004,6325447,5933127,392320
Illinois,2005,6397808,6033913,363895
Illinois,2006,6526273,6230845,295428
Illinois,2007,6665601,6334010,331591
Illinois,2008,6657227,6238611,418616
Illinois,2009,6618658,5943229,675429
Illinois,2010,6625321,5937047,688274
Illinois,2011,6586893,5948366,638527
Illinois,2012,6581867,5990644,591223
Illinois,2013,6549473,5956749,592724
Illinois,2014,6513861,6052151,461710
Illinois,2015,6510815,6122622,388193
Illinois,2016,6549847,6169524,380323
Illinois,2017,6489612,6170546,319066
Illinois,2018,6469668,6191319,278349
Indiana,1976,2434546,2287000,147546
Indiana,1977,2490170,2345816,144354
Indiana,1978,2590145,2445385,144760
Indiana,1979,2636428,2465575,170853
Indiana,1980,2625544,2372211,253333
Indiana,1981,2617959,2359393,258566
Indiana,1982,2599391,2288032,311359
Indiana,1983,2583412,2294337,289075
Indiana,1984,2631866,2406827,225039
Indiana,1985,2710413,2499152,211261
Indiana,1986,2748410,2560101,188309
Indiana,1987,2757863,2585927,171936
Indiana,1988,2805683,2658707,146976
Indiana,1989,2856099,2717574,138525
Indiana,1990,2814608,2666066,148542
Indiana,1991,2792829,2626154,166675
Indiana,1992,2857384,2669811,187573
Indiana,1993,2948307,2789531,158776
Indiana,1994,3064328,2915071,149257
Indiana,1995,3135172,2991096,144076
Indiana,1996,3109669,2983209,126460
Indiana,1997,3120608,3011304,109304
Indiana,1998,3123160,3026444,96716
Indiana,1999,3124851,3029834,95017
Indiana,2000,3126379,3029073,97306
Indiana,2001,3140899,3007507,133392
Indiana,2002,3171168,3006811,164357
Indiana,2003,3182988,3014655,168333
Indiana,2004,3167797,2998068,169729
Indiana,2005,3205436,3029959,175477
Indiana,2006,3235110,3072113,162997
Indiana,2007,3207687,3061042,146645
Indiana,2008,3232097,3041828,190269
Indiana,2009,3193989,2864985,329004
Indiana,2010,3175192,2845608,329584
Indiana,2011,3181991,2891945,290046
Indiana,2012,3169835,2905549,264286
Indiana,2013,3188406,2944275,244131
Indiana,2014,3224772,3032497,192275
Indiana,2015,3266520,3108719,157801
Indiana,2016,3328893,3181898,146995
Indiana,2017,3336655,3218115,118540
Indiana,2018,3381713,3265580,116133
Iowa,1976,1338074,1284487,53587
Iowa,1977,1384889,1330944,53945
Iowa,1978,1418036,1363245,54791
Iowa,1979,1421489,1361679,59810
Iowa,1980,1435156,1348855,86301
Iowa,1981,1426591,1332833,93758
Iowa,1982,1424383,1303292,121091
Iowa,1983,1422636,1307170,115466
Iowa,1984,1415875,1317125,98750
Iowa,1985,1413046,1307423,105623
Iowa,1986,1433643,1336751,96892
Iowa,1987,1452988,1373229,79759
Iowa,1988,1491110,1424110,67000
Iowa,1989,1508708,1445448,63260
Iowa,1990,1451750,1387668,64082
Iowa,1991,1474789,1406164,68625
Iowa,1992,1511801,1444325,67476
Iowa,1993,1559713,1496789,62924
Iowa,1994,1579261,1523726,55535
Iowa,1995,1587051,1532400,54651
Iowa,1996,1608348,1551711,56637
Iowa,1997,1602935,1552946,49989
Iowa,1998,1595942,1552120,43822
Iowa,1999,1596414,1555090,41324
Iowa,2000,1590453,1548636,41817
Iowa,2001,1612964,1559241,53723
Iowa,2002,1637909,1572560,65349
Iowa,2003,1606798,1534489,72309
Iowa,2004,1601788,1529761,72027
Iowa,2005,1629764,1560169,69595
Iowa,2006,1657584,1596530,61054
Iowa,2007,1660677,1599332,61345
Iowa,2008,1679293,1608695,70598
Iowa,2009,1687411,1579248,108163
Iowa,2010,1678281,1577447,100834
Iowa,2011,1662376,1570177,92199
Iowa,2012,1653141,1569879,83262
Iowa,2013,1674190,1594891,79299
Iowa,2014,1701445,1629331,72114
Iowa,2015,1701514,1637257,64257
Iowa,2016,1694140,1633320,60820
Iowa,2017,1678349,1626387,51962
Iowa,2018,1686840,1644280,42560
Kansas,1976,1071376,1026187,45189
Kansas,1977,1105749,1062496,43253
Kansas,1978,1139699,1104141,35558
Kansas,1979,1169991,1132264,37727
Kansas,1980,1187425,1134614,52811
Kansas,1981,1187080,1135918,51162
Kansas,1982,1193568,1118684,74884
Kansas,1983,1188919,1119214,69705
Kansas,1984,1203358,1144423,58935
Kansas,1985,1228017,1165356,62661
Kansas,1986,1241711,1175560,66151
Kansas,1987,1262821,1201769,61052
Kansas,1988,1276496,1218556,57940
Kansas,1989,1284372,1230713,53659
Kansas,1990,1272519,1217887,54632
Kansas,1991,1279949,1223430,56519
Kansas,1992,1308836,1250194,58642
Kansas,1993,1333092,1266875,66217
Kansas,1994,1348851,1282791,66060
Kansas,1995,1349748,1290159,59589
Kansas,1996,1358124,1300384,57740
Kansas,1997,1381702,1329751,51951
Kansas,1998,1416392,1366403,49989
Kansas,1999,1425599,1378867,46732
Kansas,2000,1406580,1356147,50433
Kansas,2001,1390620,1332034,58586
Kansas,2002,1413014,1341603,71411
Kansas,2003,1437027,1357867,79160
Kansas,2004,1463707,1383867,79840
Kansas,2005,1465640,1392024,73616
Kansas,2006,1467095,1402796,64299
Kansas,2007,1483458,1420449,63009
Kansas,2008,1499676,1430628,69048
Kansas,2009,1518207,1413873,104334
Kansas,2010,1500764,1394958,105806
Kansas,2011,1491087,1394082,97005
Kansas,2012,1485220,1400122,85098
Kansas,2013,1485917,1407217,78700
Kansas,2014,1492158,1424439,67719
Kansas,2015,1490689,1428557,62132
Kansas,2016,1485321,1425433,59888
Kansas,2017,1478713,1424724,53989
Kansas,2018,1482220,1432387,49833
Kentucky,1976,1494225,1413569,80656
Kentucky,1977,1536657,1462344,74313
Kentucky,1978,1583514,1502034,81480
Kentucky,1979,1616350,1526836,89514
Kentucky,1980,1658824,1526920,131904
Kentucky,1981,1665577,1521899,143678
Kentucky,1982,1683086,1501527,181559
Kentucky,1983,1702034,1507804,194230
Kentucky,1984,1704246,1546319,157927
Kentucky,1985,1694398,1538028,156370
Kentucky,1986,1693468,1534414,159054
Kentucky,1987,1692290,1548994,143296
Kentucky,1988,1712328,1581966,130362
Kentucky,1989,1736251,1625834,110417
Kentucky,1990,1754358,1649657,104701
Kentucky,1991,1762723,1634245,128478
Kentucky,1992,1778852,1656436,122416
Kentucky,1993,1803302,1691208,112094
Kentucky,1994,1826236,1727832,98404
Kentucky,1995,1855545,1755029,100516
Kentucky,1996,1874089,1771621,102468
Kentucky,1997,1916745,1814492,102253
Kentucky,1998,1932757,1844022,88735
Kentucky,1999,1959402,1870873,88529
Kentucky,2000,1965688,1883714,81974
Kentucky,2001,1958409,1857238,101171
Kentucky,2002,1944020,1833535,110485
Kentucky,2003,1960045,1839873,120172
Kentucky,2004,1963875,1857816,106059
Kentucky,2005,1999777,1881943,117834
Kentucky,2006,2029231,1913472,115759
Kentucky,2007,2032082,1922220,109862
Kentucky,2008,2030738,1900683,130055
Kentucky,2009,2060162,1847126,213036
Kentucky,2010,2054375,1844650,209725
Kentucky,2011,2056410,1862928,193482
Kentucky,2012,2059127,1891162,167965
Kentucky,2013,2055442,1890879,164563
Kentucky,2014,2006359,1876841,129518
Kentucky,2015,1979694,1874866,104828
Kentucky,2016,2014110,1910901,103209
Kentucky,2017,2053757,1953032,100725
Kentucky,2018,2061622,1972312,89310
Louisiana,1976,1527236,1424855,102381
Louisiana,1977,1599156,1485953,113203
Louisiana,1978,1668701,1555535,113166
Louisiana,1979,1726798,1613069,113729
Louisiana,1980,1786701,1664309,122392
Louisiana,1981,1854541,1699027,155514
Louisiana,1982,1867571,1675507,192064
Louisiana,1983,1908753,1688598,220155
Louisiana,1984,1951326,1754800,196526
Louisiana,1985,1985981,1756263,229718
Louisiana,1986,1979030,1726694,252336
Louisiana,1987,1948253,1711944,236309
Louisiana,1988,1920896,1712758,208138
Louisiana,1989,1881536,1731388,150148
Louisiana,1990,1869848,1753951,115897
Louisiana,1991,1907456,1768610,138846
Louisiana,1992,1921822,1767337,154485
Louisiana,1993,1897952,1753214,144738
Louisiana,1994,1943086,1790627,152459
Louisiana,1995,1959012,1821954,137058
Louisiana,1996,1989219,1857715,131504
Louisiana,1997,2021240,1899922,121318
Louisiana,1998,2048904,1932134,116770
Louisiana,1999,2039045,1935457,103588
Louisiana,2000,2037075,1929056,108019
Louisiana,2001,2028302,1911818,116484
Louisiana,2002,2004222,1881146,123076
Louisiana,2003,2018324,1888974,129350
Louisiana,2004,2037176,1916536,120640
Louisiana,2005,2069403,1921385,148018
Louisiana,2006,1988513,1899981,88532
Louisiana,2007,2030434,1944038,86396
Louisiana,2008,2084835,1982381,102454
Louisiana,2009,2064768,1923884,140884
Louisiana,2010,2086076,1919852,166224
Louisiana,2011,2073217,1911021,162196
Louisiana,2012,2080280,1933137,147143
Louisiana,2013,2101416,1960539,140877
Louisiana,2014,2151282,2014189,137093
Louisiana,2015,2158656,2022145,136511
Louisiana,2016,2121072,1992625,128447
Louisiana,2017,2103638,1995944,107694
Louisiana,2018,2103495,2000791,102704
Maine,1976,477001,435603,41398
Maine,1977,479869,440273,39596
Maine,1978,483755,452722,31033
Maine,1979,497657,463851,33806
Maine,1980,505963,467389,38574
Maine,1981,509975,472455,37520
Maine,1982,518584,475163,43421
Maine,1983,535851,491367,44484
Maine,1984,547680,513581,34099
Maine,1985,551978,521602,30376
Maine,1986,562749,533048,29701
Maine,1987,584840,559295,25545
Maine,1988,598659,576895,21764
Maine,1989,614540,589826,24714
Maine,1990,633069,599506,33563
Maine,1991,645139,596503,48636
Maine,1992,644489,597355,47134
Maine,1993,628854,583220,45634
Maine,1994,621684,578254,43430
Maine,1995,637534,599534,38000
Maine,1996,656737,622580,34157
Maine,1997,656709,623530,33179
Maine,1998,653210,623793,29417
Maine,1999,668497,642085,26412
Maine,2000,678164,655349,22815
Maine,2001,674319,648545,25774
Maine,2002,675232,645935,29297
Maine,2003,683535,649571,33964
Maine,2004,686000,654161,31839
Maine,2005,697153,663132,34021
Maine,2006,701541,669554,31987
Maine,2007,700468,667781,32687
Maine,2008,701646,663158,38488
Maine,2009,696219,639954,56265
Maine,2010,695182,638630,56552
Maine,2011,699281,644085,55196
Maine,2012,702636,650117,52519
Maine,2013,705417,658522,46895
Maine,2014,696313,657188,39125
Maine,2015,683209,653242,29967
Maine,2016,691230,665062,26168
Maine,2017,698419,674750,23669
Maine,2018,698745,675221,23524
Maryland,1976,1916398,1789446,126952
Maryland,1977,1973483,1848971,124512
Maryland,1978,2044558,1932083,112475
Maryland,1979,2111836,1989785,122051
Maryland,1980,2148225,2007042,141183
Maryland,1981,2171319,2013470,157849
Maryland,1982,2174978,1994763,180215
Maryland,1983,2197036,2042929,154107
Maryland,1984,2240006,2119800,120206
Maryland,1985,2280057,2174967,105090
Maryland,1986,2346980,2239999,106981
Maryland,1987,2408210,2303385,104825
Maryland,1988,2469123,2364139,104984
Maryland,1989,2523885,2427861,96024
Maryland,1990,2590052,2474509,115543
Maryland,1991,2616556,2456823,159733
Maryland,1992,2651353,2471212,180141
Maryland,1993,2658444,2494151,164293
Maryland,1994,2681591,2540242,141349
Maryland,1995,2710626,2574394,136232
Maryland,1996,2740602,2602334,138268
Maryland,1997,2766990,2629577,137413
Maryland,1998,2764180,2642210,121970
Maryland,1999,2766119,2667341,98778
Maryland,2000,2803685,2703284,100401
Maryland,2001,2837985,2724184,113801
Maryland,2002,2869954,2742501,127453
Maryland,2003,2882219,2754523,127696
Maryland,2004,2889324,2766475,122849
Maryland,2005,2924546,2803487,121059
Maryland,2006,2963866,2849354,114512
Maryland,2007,2970094,2867348,102746
Maryland,2008,3001953,2874987,126966
Maryland,2009,3032700,2820245,212455
Maryland,2010,3073826,2838492,235334
Maryland,2011,3096561,2872084,224477
Maryland,2012,3119647,2902307,217340
Maryland,2013,3129352,2923498,205854
Maryland,2014,3123048,2941562,181486
Maryland,2015,3139752,2980007,159745
Maryland,2016,3160070,3019150,140920
Maryland,2017,3193487,3057673,135814
Maryland,2018,3197137,3071652,125485
Massachusetts,1976,2721867,2460095,261772
Massachusetts,1977,2763250,2548352,214898
Massachusetts,1978,2813748,2638898,174850
Massachusetts,1979,2852892,2695749,157143
Massachusetts,1980,2868271,2706635,161636
Massachusetts,1981,2941642,2751193,190449
Massachusetts,1982,2987137,2756493,230644
Massachusetts,1983,2996869,2794466,202403
Massachusetts,1984,3037295,2892743,144552
Massachusetts,1985,3051393,2930523,120870
Massachusetts,1986,3066029,2946878,119151
Massachusetts,1987,3094323,2993991,100332
Massachusetts,1988,3141431,3038826,102605
Massachusetts,1989,3175997,3044177,131820
Massachusetts,1990,3206383,3004470,201913
Massachusetts,1991,3194946,2919503,275443
Massachusetts,1992,3181030,2912028,269002
Massachusetts,1993,3174301,2952583,221718
Massachusetts,1994,3200834,3007359,193475
Massachusetts,1995,3214652,3044696,169956
Massachusetts,1996,3241366,3097563,143803
Massachusetts,1997,3305660,3176134,129526
Massachusetts,1998,3340628,3230442,110186
Massachusetts,1999,3353865,3247012,106853
Massachusetts,2000,3330177,3240245,89932
Massachusetts,2001,3381287,3255134,126153
Massachusetts,2002,3431082,3250085,180997
Massachusetts,2003,3422409,3226981,195428
Massachusetts,2004,3395511,3220838,174673
Massachusetts,2005,3384116,3220089,164027
Massachusetts,2006,3413339,3246316,167023
Massachusetts,2007,3426009,3268096,157913
Massachusetts,2008,3452468,3261408,191060
Massachusetts,2009,3470382,3189010,281372
Massachusetts,2010,3480083,3190818,289265
Massachusetts,2011,3469308,3217754,251554
Massachusetts,2012,3485161,3252531,232630
Massachusetts,2013,3512827,3276792,236035
Massachusetts,2014,3568321,3363438,204883
Massachusetts,2015,3590347,3417789,172558
Massachusetts,2016,3619684,3479435,140249
Massachusetts,2017,3695994,3557038,138956
Massachusetts,2018,3805450,3678402,127048
Michigan,1976,3993535,3618361,375174
Michigan,1977,4109934,3772280,337654
Michigan,1978,4208346,3914127,294219
Michigan,1979,4302204,3967671,334533
Michigan,1980,4303606,3773197,530409
Michigan,1981,4302873,3768194,534679
Michigan,1982,4287138,3627584,659554
Michigan,1983,4291139,3674943,616196
Michigan,1984,4337979,3851581,486398
Michigan,1985,4360316,3926319,433997
Michigan,1986,4398541,4010764,387777
Michigan,1987,4511201,4136577,374624
Michigan,1988,4552889,4211759,341130
Michigan,1989,4589440,4262061,327379
Michigan,1990,4607247,4255772,351475
Michigan,1991,4595664,4172673,422991
Michigan,1992,4678258,4258246,420012
Michigan,1993,4742463,4400201,342262
Michigan,1994,4807898,4519538,288360
Michigan,1995,4812501,4558922,253579
Michigan,1996,4877630,4638837,238793
Michigan,1997,4954558,4743163,211395
Michigan,1998,5019762,4824324,195438
Michigan,1999,5115757,4925999,189758
Michigan,2000,5162774,4976322,186452
Michigan,2001,5119956,4854630,265326
Michigan,2002,5017141,4702399,314742
Michigan,2003,5027859,4667103,360756
Michigan,2004,5062376,4705591,356785
Michigan,2005,5083130,4738902,344228
Michigan,2006,5076656,4721085,355571
Michigan,2007,5011120,4658939,352181
Michigan,2008,4921466,4529289,392177
Michigan,2009,4903544,4233803,669741
Michigan,2010,4798954,4194041,604913
Michigan,2011,4685164,4198349,486815
Michigan,2012,4672695,4246658,426037
Michigan,2013,4723945,4308030,415915
Michigan,2014,4761391,4417024,344367
Michigan,2015,4759308,4501006,258302
Michigan,2016,4848086,4606692,241394
Michigan,2017,4886086,4660709,225377
Michigan,2018,4902069,4698845,203224
Minnesota,1976,1852393,1744171,108222
Minnesota,1977,1915838,1815013,100825
Minnesota,1978,1971339,1895141,76198
Minnesota,1979,2046335,1959937,86398
Minnesota,1980,2104800,1983321,121479
Minnesota,1981,2122138,1998992,123146
Minnesota,1982,2153900,1983510,170390
Minnesota,1983,2175118,2001040,174078
Minnesota,1984,2202696,2064312,138384
Minnesota,1985,2228246,2094586,133660
Minnesota,1986,2241061,2117295,123766
Minnesota,1987,2280674,2163788,116886
Minnesota,1988,2307357,2208614,98743
Minnesota,1989,2351967,2250011,101956
Minnesota,1990,2398899,2284147,114752
Minnesota,1991,2427606,2302626,124980
Minnesota,1992,2468394,2342262,126132
Minnesota,1993,2516375,2391535,124840
Minnesota,1994,2556437,2452054,104383
Minnesota,1995,2604291,2506965,97326
Minnesota,1996,2652527,2547696,104831
Minnesota,1997,2679234,2591975,87259
Minnesota,1998,2711784,2638721,73063
Minnesota,1999,2756145,2680029,76116
Minnesota,2000,2812947,2724118,88829
Minnesota,2001,2845203,2737961,107242
Minnesota,2002,2859602,2731080,128522
Minnesota,2003,2874663,2734287,140376
Minnesota,2004,2880428,2745615,134813
Minnesota,2005,2879760,2762733,117027
Minnesota,2006,2887832,2772115,115717
Minnesota,2007,2906390,2773704,132686
Minnesota,2008,2925088,2766342,158746
Minnesota,2009,2941976,2713426,228550
Minnesota,2010,2938795,2721194,217601
Minnesota,2011,2946279,2755264,191015
Minnesota,2012,2946356,2781141,165215
Minnesota,2013,2958596,2811762,146834
Minnesota,2014,2972801,2848788,124013
Minnesota,2015,2997748,2887132,110616
Minnesota,2016,3033407,2916354,117053
Minnesota,2017,3057015,2952960,104055
Minnesota,2018,3070224,2980885,89339
Mississippi,1976,969878,906134,63744
Mississippi,1977,995545,922787,72758
Mississippi,1978,1012078,941880,70198
Mississippi,1979,1028571,969475,59096
Mississippi,1980,1056820,978337,78483
Mississippi,1981,1059321,969271,90050
Mississippi,1982,1063553,946018,117535
Mississippi,1983,1060755,932775,127980
Mississippi,1984,1076818,963398,113420
Mississippi,1985,1123857,1007010,116847
Mississippi,1986,1152710,1021251,131459
Mississippi,1987,1149889,1035177,114712
Mississippi,1988,1145759,1049127,96632
Mississippi,1989,1165936,1074636,91300
Mississippi,1990,1183981,1094036,89945
Mississippi,1991,1184038,1082959,101079
Mississippi,1992,1190488,1094539,95949
Mississippi,1993,1215133,1134735,80398
Mississippi,1994,1248762,1170396,78366
Mississippi,1995,1258844,1180514,78330
Mississippi,1996,1264513,1188212,76301
Mississippi,1997,1272802,1200208,72594
Mississippi,1998,1274790,1207745,67045
Mississippi,1999,1286502,1220702,65800
Mississippi,2000,1319266,1248240,71026
Mississippi,2001,1294134,1222500,71634
Mississippi,2002,1286236,1201191,85045
Mississippi,2003,1301250,1219145,82105
Mississippi,2004,1313102,1232187,80915
Mississippi,2005,1317392,1218825,98567
Mississippi,2006,1290171,1205906,84265
Mississippi,2007,1303514,1224059,79455
Mississippi,2008,1306772,1220991,85781
Mississippi,2009,1269219,1148930,120289
Mississippi,2010,1306608,1170879,135729
Mississippi,2011,1342808,1208747,134061
Mississippi,2012,1316536,1198196,118340
Mississippi,2013,1272477,1163752,108725
Mississippi,2014,1250171,1156341,93830
Mississippi,2015,1265245,1184274,80971
Mississippi,2016,1279440,1205192,74248
Mississippi,2017,1280566,1215298,65268
Mississippi,2018,1275721,1214992,60729
Missouri,1976,2122679,1990253,132426
Missouri,1977,2217870,2084319,133551
Missouri,1978,2254477,2143700,110777
Missouri,1979,2280920,2171188,109732
Missouri,1980,2306044,2139848,166196
Missouri,1981,2321961,2144518,177443
Missouri,1982,2326378,2111744,214634
Missouri,1983,2357360,2124824,232536
Missouri,1984,2386949,2215940,171009
Missouri,1985,2460185,2299301,160884
Missouri,1986,2535842,2377984,157858
Missouri,1987,2582361,2420322,162039
Missouri,1988,2584524,2436775,147749
Missouri,1989,2611877,2467177,144700
Missouri,1990,2614839,2462267,152572
Missouri,1991,2645085,2471095,173990
Missouri,1992,2651148,2487204,163944
Missouri,1993,2684206,2517067,167139
Missouri,1994,2770737,2630692,140045
Missouri,1995,2863240,2728231,135009
Missouri,1996,2908811,2769622,139189
Missouri,1997,2927870,2800544,127326
Missouri,1998,2916610,2794971,121639
Missouri,1999,2904971,2809325,95646
Missouri,2000,2959946,2853891,106055
Missouri,2001,3001465,2862838,138627
Missouri,2002,3000908,2839467,161441
Missouri,2003,3020821,2850987,169834
Missouri,2004,3015650,2838872,176778
Missouri,2005,3009334,2847006,162328
Missouri,2006,3029689,2882757,146932
Missouri,2007,3034579,2879647,154932
Missouri,2008,3028857,2842845,186012
Missouri,2009,3049563,2766711,282852
Missouri,2010,3056484,2763535,292949
Missouri,2011,3047786,2789224,258562
Missouri,2012,3025309,2815275,210034
Missouri,2013,3020202,2817435,202767
Missouri,2014,3046903,2859966,186937
Missouri,2015,3075227,2920761,154466
Missouri,2016,3080850,2940314,140536
Missouri,2017,3061441,2946340,115101
Missouri,2018,3052386,2954808,97578
Montana,1976,330284,310614,19670
Montana,1977,348883,326918,21965
Montana,1978,366065,345148,20917
Montana,1979,371332,352135,19197
Montana,1980,375691,352700,22991
Montana,1981,385038,358686,26352
Montana,1982,388809,355711,33098
Montana,1983,396719,362488,34231
Montana,1984,401741,371262,30479
Montana,1985,402891,371962,30929
Montana,1986,401814,369942,31872
Montana,1987,401148,371312,29836
Montana,1988,404629,377736,26893
Montana,1989,408809,385154,23655
Montana,1990,403136,379100,24036
Montana,1991,405837,377804,28033
Montana,1992,417467,389391,28076
Montana,1993,422646,397102,25544
Montana,1994,432281,409630,22651
Montana,1995,443172,418081,25091
Montana,1996,449306,425468,23838
Montana,1997,452708,428555,24153
Montana,1998,460394,434868,25526
Montana,1999,464373,439993,24380
Montana,2000,467293,444137,23156
Montana,2001,466063,444909,21154
Montana,2002,467203,446640,20563
Montana,2003,471489,449266,22223
Montana,2004,480281,457423,22858
Montana,2005,486054,464907,21147
Montana,2006,493614,476377,17237
Montana,2007,502070,484189,17881
Montana,2008,509163,483347,25816
Montana,2009,501014,466713,34301
Montana,2010,500525,463998,36527
Montana,2011,501225,466403,34822
Montana,2012,506485,476174,30311
Montana,2013,510781,483071,27710
Montana,2014,512245,488336,23909
Montana,2015,517557,495975,21582
Montana,2016,522148,500511,21637
Montana,2017,524914,504253,20661
Montana,2018,528244,508588,19656
Nebraska,1976,719847,696682,23165
Nebraska,1977,741279,715745,25534
Nebraska,1978,754549,730851,23698
Nebraska,1979,765089,741839,23250
Nebraska,1980,769921,739672,30249
Nebraska,1981,775186,742310,32876
Nebraska,1982,784839,740657,44182
Nebraska,1983,787905,744057,43848
Nebraska,1984,792288,756844,35444
Nebraska,1985,806451,764692,41759
Nebraska,1986,808354,767768,40586
Nebraska,1987,809864,774141,35723
Nebraska,1988,813514,784348,29166
Nebraska,1989,816764,792809,23955
Nebraska,1990,825024,805708,19316
Nebraska,1991,836294,814020,22274
Nebraska,1992,847609,823384,24225
Nebraska,1993,864394,840575,23819
Nebraska,1994,886391,862936,23455
Nebraska,1995,902311,878414,23897
Nebraska,1996,914379,889438,24941
Nebraska,1997,921312,898310,23002
Nebraska,1998,930952,907202,23750
Nebraska,1999,937559,911444,26115
Nebraska,2000,944973,918370,26603
Nebraska,2001,950764,921003,29761
Nebraska,2002,954224,919401,34823
Nebraska,2003,964258,926315,37943
Nebraska,2004,969981,932515,37466
Nebraska,2005,972992,935906,37086
Nebraska,2006,970052,939874,30178
Nebraska,2007,978763,949494,29269
Nebraska,2008,989757,956759,32998
Nebraska,2009,991583,945648,45935
Nebraska,2010,993398,947360,46038
Nebraska,2011,1003256,959059,44197
Nebraska,2012,1014980,974428,40552
Nebraska,2013,1018294,979937,38357
Nebraska,2014,1010818,977617,33201
Nebraska,2015,1007258,976997,30261
Nebraska,2016,1009443,978533,30910
Nebraska,2017,1011626,982442,29184
Nebraska,2018,1020197,991688,28509
Nevada,1976,328862,299990,28872
Nevada,1977,350339,326855,23484
Nevada,1978,373494,356836,16658
Nevada,1979,400795,381016,19779
Nevada,1980,429584,403078,26506
Nevada,1981,463175,429828,33347
Nevada,1982,482097,434454,47643
Nevada,1983,486023,439457,46566
Nevada,1984,499664,460205,39459
Nevada,1985,516346,476503,39843
Nevada,1986,530886,498051,32835
Nevada,1987,556169,522417,33752
Nevada,1988,582023,551728,30295
Nevada,1989,604199,575600,28599
Nevada,1990,669920,638342,31578
Nevada,1991,702749,661785,40964
Nevada,1992,731906,683228,48678
Nevada,1993,768893,716242,52651
Nevada,1994,812037,761851,50186
Nevada,1995,844115,797192,46923
Nevada,1996,891348,846416,44932
Nevada,1997,939780,898496,41284
Nevada,1998,978737,937387,41350
Nevada,1999,1020300,979646,40654
Nevada,2000,1067022,1022462,44560
Nevada,2001,1112079,1054262,57817
Nevada,2002,1129668,1066121,63547
Nevada,2003,1147036,1088787,58249
Nevada,2004,1177634,1126943,50691
Nevada,2005,1223831,1173709,50122
Nevada,2006,1285318,1233287,52031
Nevada,2007,1330396,1270572,59824
Nevada,2008,1363574,1272187,91387
Nevada,2009,1349299,1196758,152541
Nevada,2010,1358578,1174774,183804
Nevada,2011,1373115,1194264,178851
Nevada,2012,1376381,1222710,153671
Nevada,2013,1381157,1248122,133035
Nevada,2014,1388769,1278808,109961
Nevada,2015,1407272,1312101,95171
Nevada,2016,1424145,1342473,81672
Nevada,2017,1458344,1384605,73739
Nevada,2018,1500377,1431959,68418
New Hampshire,1976,397632,371686,25946
New Hampshire,1977,418365,395593,22772
New Hampshire,1978,434779,418155,16624
New Hampshire,1979,452147,437680,14467
New Hampshire,1980,466658,445531,21127
New Hampshire,1981,477481,452885,24596
New Hampshire,1982,487036,454002,33034
New Hampshire,1983,498244,470832,27412
New Hampshire,1984,520641,498275,22366
New Hampshire,1985,541015,520847,20168
New Hampshire,1986,561335,545821,15514
New Hampshire,1987,582583,569057,13526
New Hampshire,1988,599963,585505,14458
New Hampshire,1989,613360,592136,21224
New Hampshire,1990,620106,585013,35093
New Hampshire,1991,614313,569453,44860
New Hampshire,1992,614149,569430,44719
New Hampshire,1993,617488,579593,37895
New Hampshire,1994,624921,595329,29592
New Hampshire,1995,631197,606153,25044
New Hampshire,1996,638154,613822,24332
New Hampshire,1997,649244,627666,21578
New Hampshire,1998,661664,643056,18608
New Hampshire,1999,675195,656962,18233
New Hampshire,2000,687908,669621,18287
New Hampshire,2001,697760,673778,23982
New Hampshire,2002,702280,670880,31400
New Hampshire,2003,707524,677030,30494
New Hampshire,2004,716186,689150,27036
New Hampshire,2005,725849,700026,25823
New Hampshire,2006,731854,706777,25077
New Hampshire,2007,737942,712008,25934
New Hampshire,2008,742781,714104,28677
New Hampshire,2009,744227,697802,46425
New Hampshire,2010,738257,695135,43122
New Hampshire,2011,736302,696532,39770
New Hampshire,2012,741097,700371,40726
New Hampshire,2013,741285,703534,37751
New Hampshire,2014,743320,711551,31769
New Hampshire,2015,745461,720362,25099
New Hampshire,2016,751315,729892,21423
New Hampshire,2017,754465,733985,20480
New Hampshire,2018,761752,742512,19240
New Jersey,1976,3308854,2964485,344369
New Jersey,1977,3383863,3067115,316748
New Jersey,1978,3467250,3215693,251557
New Jersey,1979,3572955,3325521,247434
New Jersey,1980,3591520,3333840,257680
New Jersey,1981,3605102,3337050,268052
New Jersey,1982,3626746,3309981,316765
New Jersey,1983,3688776,3392898,295878
New Jersey,1984,3810874,3574967,235907
New Jersey,1985,3844017,3627926,216091
New Jersey,1986,3903528,3707802,195726
New Jersey,1987,3961873,3799670,162203
New Jersey,1988,3974034,3822310,151724
New Jersey,1989,3996223,3832534,163689
New Jersey,1990,4055456,3850728,204728
New Jersey,1991,4065824,3793819,272005
New Jersey,1992,4063907,3723909,339998
New Jersey,1993,4019377,3713835,305542
New Jersey,1994,4058732,3782009,276723
New Jersey,1995,4121562,3857473,264089
New Jersey,1996,4205216,3946654,258562
New Jersey,1997,4263767,4039773,223994
New Jersey,1998,4246417,4051531,194886
New Jersey,1999,4287886,4094559,193327
New Jersey,2000,4282069,4123717,158352
New Jersey,2001,4288826,4106225,182601
New Jersey,2002,4346237,4095174,251063
New Jersey,2003,4347154,4093686,253468
New Jersey,2004,4349171,4138830,210341
New Jersey,2005,4391579,4194895,196684
New Jersey,2006,4445879,4236485,209394
New Jersey,2007,4441797,4251815,189982
New Jersey,2008,4504432,4263965,240467
New Jersey,2009,4550645,4138570,412075
New Jersey,2010,4555330,4121455,433875
New Jersey,2011,4565272,4138464,426808
New Jersey,2012,4588033,4159986,428047
New Jersey,2013,4548560,4173828,374732
New Jersey,2014,4487038,4183541,303497
New Jersey,2015,4489001,4229158,259843
New Jersey,2016,4474689,4252062,222627
New Jersey,2017,4453525,4247535,205990
New Jersey,2018,4422942,4239567,183375
New Mexico,1976,482382,439658,42724
New Mexico,1977,513455,474289,39166
New Mexico,1978,538014,506075,31939
New Mexico,1979,556087,520572,35515
New Mexico,1980,566057,523176,42881
New Mexico,1981,578162,536024,42138
New Mexico,1982,595252,540397,54855
New Mexico,1983,608731,549893,58838
New Mexico,1984,625064,576181,48883
New Mexico,1985,649722,595598,54124
New Mexico,1986,671408,608831,62577
New Mexico,1987,675614,616772,58842
New Mexico,1988,685612,634340,51272
New Mexico,1989,696460,649729,46731
New Mexico,1990,713787,666908,46879
New Mexico,1991,725155,673403,51752
New Mexico,1992,741883,688598,53285
New Mexico,1993,758589,705726,52863
New Mexico,1994,781343,730712,50631
New Mexico,1995,799191,746645,52546
New Mexico,1996,812619,754003,58616
New Mexico,1997,823101,771069,52032
New Mexico,1998,834554,783831,50723
New Mexico,1999,836237,789677,46560
New Mexico,2000,845755,804103,41652
New Mexico,2001,857949,815642,42307
New Mexico,2002,874496,826086,48410
New Mexico,2003,889730,837667,52063
New Mexico,2004,902265,852612,49653
New Mexico,2005,918156,871248,46908
New Mexico,2006,928094,889448,38646
New Mexico,2007,934027,898998,35029
New Mexico,2008,944548,902411,42137
New Mexico,2009,940352,869491,70861
New Mexico,2010,936088,860154,75934
New Mexico,2011,930356,860305,70051
New Mexico,2012,927795,861617,66178
New Mexico,2013,923899,859804,64095
New Mexico,2014,931752,869558,62194
New Mexico,2015,934223,873422,60801
New Mexico,2016,936348,874424,61924
New Mexico,2017,936237,881252,54985
New Mexico,2018,940359,893823,46536
New York,1976,7692561,6905369,787192
New York,1977,7731387,7024769,706618
New York,1978,7847918,7239599,608319
New York,1979,7997062,7424194,572868
New York,1980,7974354,7378756,595598
New York,1981,8022783,7412890,609893
New York,1982,7978964,7303295,675669
New York,1983,8037315,7340372,696943
New York,1984,8104569,7523862,580707
New York,1985,8293107,7744513,548594
New York,1986,8438633,7913640,524993
New York,1987,8482355,8067764,414591
New York,1988,8546476,8181123,365353
New York,1989,8698808,8265201,433607
New York,1990,8813271,8343353,469918
New York,1991,8741100,8108261,632839
New York,1992,8751234,7997602,753632
New York,1993,8715592,8026518,689074
New York,1994,8678491,8075912,602579
New York,1995,8661116,8112684,548432
New York,1996,8785710,8237123,548587
New York,1997,9012217,8432577,579640
New York,1998,9071814,8562174,509640
New York,1999,9126567,8654586,471981
New York,2000,9133869,8718749,415120
New York,2001,9151745,8709897,441848
New York,2002,9275515,8705352,570163
New York,2003,9263401,8672909,590492
New York,2004,9355953,8812618,543335
New York,2005,9460866,8986859,474007
New York,2006,9508149,9077529,430620
New York,2007,9522056,9088207,433849
New York,2008,9664773,9139080,525693
New York,2009,9647485,8844486,802999
New York,2010,9595362,8769723,825639
New York,2011,9517361,8728057,789304
New York,2012,9612232,8793385,818847
New York,2013,9659170,8913788,745382
New York,2014,9529418,8925698,603720
New York,2015,9561878,9057470,504408
New York,2016,9557094,9093571,463523
New York,2017,9561400,9113601,447799
New York,2018,9574706,9181058,393648
North Carolina,1976,2609782,2446387,163395
North Carolina,1977,2688807,2530209,158598
North Carolina,1978,2764219,2640447,123772
North Carolina,1979,2810807,2677112,133695
North Carolina,1980,2853983,2671472,182511
North Carolina,1981,2911968,2722639,189329
North Carolina,1982,2935666,2665668,269998
North Carolina,1983,2945353,2681016,264337
North Carolina,1984,3029867,2826036,203831
North Carolina,1985,3106764,2933817,172947
North Carolina,1986,3185480,3017057,168423
North Carolina,1987,3266960,3118856,148104
North Carolina,1988,3320376,3199310,121066
North Carolina,1989,3396102,3276667,119435
North Carolina,1990,3476500,3333977,142523
North Carolina,1991,3538010,3333518,204492
North Carolina,1992,3603937,3386088,217849
North Carolina,1993,3628362,3446119,182243
North Carolina,1994,3686337,3524897,161440
North Carolina,1995,3763539,3601621,161918
North Carolina,1996,3901251,3733519,167732
North Carolina,1997,3983679,3834296,149383
North Carolina,1998,3990054,3851970,138084
North Carolina,1999,4057006,3927179,129827
North Carolina,2000,4138190,3986151,152039
North Carolina,2001,4198338,3966798,231540
North Carolina,2002,4184713,3906570,278143
North Carolina,2003,4255631,3984596,271035
North Carolina,2004,4253126,4019809,233317
North Carolina,2005,4317428,4091039,226389
North Carolina,2006,4444967,4234095,210872
North Carolina,2007,4512856,4300304,212552
North Carolina,2008,4560059,4281713,278346
North Carolina,2009,4570789,4087105,483684
North Carolina,2010,4616691,4115629,501062
North Carolina,2011,4633072,4157543,475529
North Carolina,2012,4680057,4245675,434382
North Carolina,2013,4692940,4318114,374826
North Carolina,2014,4696781,4400314,296467
North Carolina,2015,4770869,4497319,273550
North Carolina,2016,4860259,4613300,246959
North Carolina,2017,4938072,4717226,220846
North Carolina,2018,4981834,4787320,194514
North Dakota,1976,278686,268394,10292
North Dakota,1977,287162,274115,13047
North Dakota,1978,293863,281366,12497
North Dakota,1979,299850,287826,12024
North Dakota,1980,303355,288400,14955
North Dakota,1981,309566,294628,14938
North Dakota,1982,315885,298343,17542
North Dakota,1983,320240,302120,18120
North Dakota,1984,326772,309531,17241
North Dakota,1985,332622,313695,18927
North Dakota,1986,332507,313041,19466
North Dakota,1987,330954,314330,16624
North Dakota,1988,330983,315478,15505
North Dakota,1989,330463,316267,14196
North Dakota,1990,317217,304436,12781
North Dakota,1991,315214,301479,13735
North Dakota,1992,315924,300939,14985
North Dakota,1993,323927,310061,13866
North Dakota,1994,336807,324314,12493
North Dakota,1995,340299,329348,10951
North Dakota,1996,347537,337412,10125
North Dakota,1997,351391,341823,9568
North Dakota,1998,349505,339414,10091
North Dakota,1999,343452,332180,11272
North Dakota,2000,342568,332407,10161
North Dakota,2001,341816,331820,9996
North Dakota,2002,340631,327957,12674
North Dakota,2003,344676,331852,12824
North Dakota,2004,352466,340403,12063
North Dakota,2005,355545,343508,12037
North Dakota,2006,361459,349821,11638
North Dakota,2007,367234,355766,11468
North Dakota,2008,371025,359333,11692
North Dakota,2009,368665,353455,15210
North Dakota,2010,378342,364053,14289
North Dakota,2011,388634,375153,13481
North Dakota,2012,397867,385674,12193
North Dakota,2013,406193,394392,11801
North Dakota,2014,413544,402521,11023
North Dakota,2015,413068,401537,11531
North Dakota,2016,412765,399996,12769
North Dakota,2017,410396,399449,10947
North Dakota,2018,404299,393755,10544
Ohio,1976,4755748,4385605,370143
Ohio,1977,4833856,4517698,316158
Ohio,1978,4950642,4680243,270399
Ohio,1979,5055136,4759906,295230
Ohio,1980,5087387,4662318,425069
Ohio,1981,5105836,4624361,481475
Ohio,1982,5126857,4475830,651027
Ohio,1983,5097422,4467277,630145
Ohio,1984,5096523,4614643,481880
Ohio,1985,5153700,4694344,459356
Ohio,1986,5222904,4791014,431890
Ohio,1987,5259505,4887075,372430
Ohio,1988,5317556,4996315,321241
Ohio,1989,5380101,5081552,298549
Ohio,1990,5419623,5114242,305381
Ohio,1991,5431912,5080289,351623
Ohio,1992,5503260,5097104,406156
Ohio,1993,5501305,5136613,364692
Ohio,1994,5548818,5239265,309553
Ohio,1995,5589102,5320351,268751
Ohio,1996,5645423,5362986,282437
Ohio,1997,5695177,5431051,264126
Ohio,1998,5707110,5460917,246193
Ohio,1999,5754992,5508439,246553
Ohio,2000,5787343,5556757,230586
Ohio,2001,5816832,5567130,249702
Ohio,2002,5852985,5516645,336340
Ohio,2003,5872372,5505858,366514
Ohio,2004,5870479,5502444,368035
Ohio,2005,5890046,5541082,348964
Ohio,2006,5945482,5624435,321047
Ohio,2007,5990292,5657718,332574
Ohio,2008,5965166,5580843,384323
Ohio,2009,5906768,5297098,609670
Ohio,2010,5846886,5247050,599836
Ohio,2011,5771469,5261238,510231
Ohio,2012,5705591,5284001,421590
Ohio,2013,5716730,5290609,426121
Ohio,2014,5704371,5373053,331318
Ohio,2015,5696693,5416912,279781
Ohio,2016,5739013,5450622,288391
Ohio,2017,5770178,5483140,287038
Ohio,2018,5754931,5491585,263346
Oklahoma,1976,1187330,1119538,67792
Oklahoma,1977,1234371,1173543,60828
Oklahoma,1978,1270542,1224682,45860
Oklahoma,1979,1311532,1267053,44479
Oklahoma,1980,1370727,1310022,60705
Oklahoma,1981,1438610,1386295,52315
Oklahoma,1982,1494118,1404210,89908
Oklahoma,1983,1541193,1412250,128943
Oklahoma,1984,1559584,1449534,110050
Oklahoma,1985,1567481,1454530,112951
Oklahoma,1986,1590593,1459542,131051
Oklahoma,1987,1558956,1445778,113178
Oklahoma,1988,1527352,1429172,98180
Oklahoma,1989,1519275,1433589,85686
Oklahoma,1990,1523545,1436914,86631
Oklahoma,1991,1507357,1412364,94993
Oklahoma,1992,1517081,1425792,91289
Oklahoma,1993,1533187,1442202,90985
Oklahoma,1994,1548909,1462579,86330
Oklahoma,1995,1555736,1484470,71266
Oklahoma,1996,1580955,1516423,64532
Oklahoma,1997,1609954,1544175,65779
Oklahoma,1998,1637452,1567803,69649
Oklahoma,1999,1656205,1597894,58311
Oklahoma,2000,1660528,1610099,50429
Oklahoma,2001,1675935,1614572,61363
Oklahoma,2002,1686568,1608106,78462
Oklahoma,2003,1685572,1593521,92051
Oklahoma,2004,1689608,1607421,82187
Oklahoma,2005,1703293,1627110,76183
Oklahoma,2006,1715794,1647098,68696
Oklahoma,2007,1726259,1655490,70769
Oklahoma,2008,1746466,1681081,65385
Oklahoma,2009,1764432,1652023,112409
Oklahoma,2010,1768284,1648138,120146
Oklahoma,2011,1772666,1668418,104248
Oklahoma,2012,1803863,1709258,94605
Oklahoma,2013,1802073,1706861,95212
Oklahoma,2014,1798260,1717628,80632
Oklahoma,2015,1832666,1751853,80813
Oklahoma,2016,1832005,1743816,88189
Oklahoma,2017,1836277,1758416,77861
Oklahoma,2018,1841872,1779370,62502
Oregon,1976,1090242,988076,102166
Oregon,1977,1156384,1070417,85967
Oregon,1978,1216053,1142543,73510
Oregon,1979,1253483,1169599,83884
Oregon,1980,1298181,1188148,110033
Oregon,1981,1332668,1202242,130426
Oregon,1982,1329233,1175780,153453
Oregon,1983,1334345,1190294,144051
Oregon,1984,1328665,1203487,125178
Oregon,1985,1321878,1205144,116734
Oregon,1986,1356675,1247520,109155
Oregon,1987,1390525,1303454,87071
Oregon,1988,1430852,1348376,82476
Oregon,1989,1466406,1386726,79680
Oregon,1990,1490722,1408687,82035
Oregon,1991,1516876,1420124,96752
Oregon,1992,1554604,1439531,115073
Oregon,1993,1599829,1487375,112454
Oregon,1994,1646846,1557373,89473
Oregon,1995,1672690,1590664,82026
Oregon,1996,1719625,1621602,98023
Oregon,1997,1750280,1651241,99039
Oregon,1998,1779976,1677740,102236
Oregon,1999,1793699,1694881,98818
Oregon,2000,1818559,1725744,92815
Oregon,2001,1823916,1706904,117012
Oregon,2002,1835325,1697237,138088
Oregon,2003,1845544,1695906,149638
Oregon,2004,1838112,1703703,134409
Oregon,2005,1845761,1731845,113916
Oregon,2006,1885385,1785044,100341
Oregon,2007,1921766,1822772,98994
Oregon,2008,1955121,1827352,127769
Oregon,2009,1976638,1753682,222956
Oregon,2010,1984039,1773076,210963
Oregon,2011,1993889,1804320,189569
Oregon,2012,1953439,1780790,172649
Oregon,2013,1910702,1760302,150400
Oregon,2014,1936869,1805524,131345
Oregon,2015,1978634,1867909,110725
Oregon,2016,2048354,1949928,98426
Oregon,2017,2090656,2004580,86076
Oregon,2018,2104516,2017155,87361
Pennsylvania,1976,5125768,4717649,408119
Pennsylvania,1977,5204966,4805846,399120
Pennsylvania,1978,5304589,4936671,367918
Pennsylvania,1979,5384412,5015577,368835
Pennsylvania,1980,5435928,4999664,436264
Pennsylvania,1981,5478375,5019066,459309
Pennsylvania,1982,5492370,4879737,612633
Pennsylvania,1983,5480516,4849850,630666
Pennsylvania,1984,5495136,4996147,498989
Pennsylvania,1985,5552886,5108212,444674
Pennsylvania,1986,5603120,5216732,386388
Pennsylvania,1987,5662027,5342251,319776
Pennsylvania,1988,5762223,5471632,290591
Pennsylvania,1989,5826436,5553128,273308
Pennsylvania,1990,5828450,5510435,318015
Pennsylvania,1991,5855127,5442516,412611
Pennsylvania,1992,5911157,5462170,448987
Pennsylvania,1993,5904299,5491547,412752
Pennsylvania,1994,5893118,5523612,369506
Pennsylvania,1995,5908490,5562508,345982
Pennsylvania,1996,5979581,5653830,325751
Pennsylvania,1997,6056001,5746071,309930
Pennsylvania,1998,6063130,5783197,279933
Pennsylvania,1999,6076778,5810162,266616
Pennsylvania,2000,6106892,5854551,252341
Pennsylvania,2001,6178617,5881688,296929
Pennsylvania,2002,6218643,5868607,350036
Pennsylvania,2003,6170359,5821711,348648
Pennsylvania,2004,6213778,5876997,336781
Pennsylvania,2005,6251402,5940570,310832
Pennsylvania,2006,6294504,6006634,287870
Pennsylvania,2007,6342997,6064063,278934
Pennsylvania,2008,6451535,6109645,341890
Pennsylvania,2009,6400263,5885351,514912
Pennsylvania,2010,6380949,5840887,540062
Pennsylvania,2011,6395506,5888745,506761
Pennsylvania,2012,6462939,5957314,505625
Pennsylvania,2013,6442411,5967811,474600
Pennsylvania,2014,6392355,6017923,374432
Pennsylvania,2015,6415816,6075917,339899
Pennsylvania,2016,6450053,6103007,347046
Pennsylvania,2017,6424626,6110554,314072
Pennsylvania,2018,6424421,6148635,275786
Rhode Island,1976,436975,401034,35941
Rhode Island,1977,446289,410459,35830
Rhode Island,1978,450847,421292,29555
Rhode Island,1979,460738,431224,29514
Rhode Island,1980,468996,435133,33863
Rhode Island,1981,475921,438978,36943
Rhode Island,1982,475945,429805,46140
Rhode Island,1983,476842,437276,39566
Rhode Island,1984,487592,460735,26857
Rhode Island,1985,499236,476104,23132
Rhode Island,1986,509201,488500,20701
Rhode Island,1987,516940,498292,18648
Rhode Island,1988,521583,505369,16214
Rhode Island,1989,524842,503207,21635
Rhode Island,1990,525361,492002,33359
Rhode Island,1991,518015,473648,44367
Rhode Island,1992,526655,479904,46751
Rhode Island,1993,522244,481774,40470
Rhode Island,1994,514025,478567,35458
Rhode Island,1995,511418,479080,32338
Rhode Island,1996,516096,488009,28087
Rhode Island,1997,527878,500704,27174
Rhode Island,1998,532609,508064,24545
Rhode Island,1999,538096,515760,22336
Rhode Island,2000,543561,521313,22248
Rhode Island,2001,543862,519044,24818
Rhode Island,2002,550256,522832,27424
Rhode Island,2003,560483,530567,29916
Rhode Island,2004,558688,529893,28795
Rhode Island,2005,565735,537194,28541
Rhode Island,2006,572601,544357,28244
Rhode Island,2007,573173,543401,29772
Rhode Island,2008,570328,525941,44387
Rhode Island,2009,567280,504951,62329
Rhode Island,2010,566704,503216,63488
Rhode Island,2011,560056,498248,61808
Rhode Island,2012,558487,500434,58053
Rhode Island,2013,556926,505370,51556
Rhode Island,2014,556579,513753,42826
Rhode Island,2015,554582,521373,33209
Rhode Island,2016,553418,524702,28716
Rhode Island,2017,553687,529252,24435
Rhode Island,2018,555807,533171,22636
South Carolina,1976,1296233,1202671,93562
South Carolina,1977,1326618,1235507,91111
South Carolina,1978,1353561,1276011,77550
South Carolina,1979,1371335,1302453,68882
South Carolina,1980,1404592,1309817,94775
South Carolina,1981,1440956,1323937,117019
South Carolina,1982,1478368,1314318,164050
South Carolina,1983,1484428,1338068,146360
South Carolina,1984,1504924,1401036,103888
South Carolina,1985,1547943,1440832,107111
South Carolina,1986,1587452,1485545,101907
South Carolina,1987,1624528,1534652,89876
South Carolina,1988,1656972,1579756,77216
South Carolina,1989,1697915,1619360,78555
South Carolina,1990,1743547,1659997,83550
South Carolina,1991,1758778,1650987,107791
South Carolina,1992,1789261,1668893,120368
South Carolina,1993,1829683,1696624,133059
South Carolina,1994,1843154,1728300,114854
South Carolina,1995,1857227,1760567,96660
South Carolina,1996,1893455,1783783,109672
South Carolina,1997,1911635,1824147,87488
South Carolina,1998,1941200,1867808,73392
South Carolina,1999,1981546,1897056,84490
South Carolina,2000,1993562,1918583,74979
South Carolina,2001,1949685,1847939,101746
South Carolina,2002,1949135,1835823,113312
South Carolina,2003,1997977,1859765,138212
South Carolina,2004,2033310,1894141,139169
South Carolina,2005,2068599,1929233,139366
South Carolina,2006,2109097,1973337,135760
South Carolina,2007,2125891,2005686,120205
South Carolina,2008,2142232,1996409,145823
South Carolina,2009,2152745,1910670,242075
South Carolina,2010,2155668,1915045,240623
South Carolina,2011,2175523,1945900,229623
South Carolina,2012,2186878,1985618,201260
South Carolina,2013,2190968,2023642,167326
South Carolina,2014,2222345,2078592,143753
South Carolina,2015,2267549,2132099,135450
South Carolina,2016,2290562,2175584,114978
South Carolina,2017,2306021,2207404,98617
South Carolina,2018,2323209,2243656,79553
South Dakota,1976,309906,299820,10086
South Dakota,1977,317559,307134,10425
South Dakota,1978,326810,316733,10077
South Dakota,1979,332946,321745,11201
South Dakota,1980,335049,318952,16097
South Dakota,1981,334385,317807,16578
South Dakota,1982,331818,313682,18136
South Dakota,1983,334537,317084,17453
South Dakota,1984,341952,326984,14968
South Dakota,1985,345294,328562,16732
South Dakota,1986,348925,332959,15966
South Dakota,1987,353333,338464,14869
South Dakota,1988,357415,342741,14674
South Dakota,1989,360925,346463,14462
South Dakota,1990,347178,334087,13091
South Dakota,1991,350013,337762,12251
South Dakota,1992,356762,344908,11854
South Dakota,1993,365476,353208,12268
South Dakota,1994,378141,365796,12345
South Dakota,1995,387360,375564,11796
South Dakota,1996,391213,378883,12330
South Dakota,1997,393649,382116,11533
South Dakota,1998,399442,388291,11151
South Dakota,1999,406105,395047,11058
South Dakota,2000,408658,398618,10040
South Dakota,2001,412778,400031,12747
South Dakota,2002,417517,404239,13278
South Dakota,2003,423035,408088,14947
South Dakota,2004,427664,411762,15902
South Dakota,2005,430606,414209,16397
South Dakota,2006,435007,421483,13524
South Dakota,2007,442499,430011,12488
South Dakota,2008,446618,432925,13693
South Dakota,2009,446010,423993,22017
South Dakota,2010,441339,419355,21984
South Dakota,2011,440934,420054,20880
South Dakota,2012,442442,423501,18941
South Dakota,2013,443079,426284,16795
South Dakota,2014,446715,431382,15333
South Dakota,2015,449858,435917,13941
South Dakota,2016,452774,439293,13481
South Dakota,2017,456103,441554,14549
South Dakota,2018,459459,445599,13860
Tennessee,1976,1856518,1743474,113044
Tennessee,1977,1939384,1818232,121152
Tennessee,1978,1977234,1862038,115196
Tennessee,1979,2043202,1923863,119339
Tennessee,1980,2081202,1926451,154751
Tennessee,1981,2109072,1920257,188815
Tennessee,1982,2132868,1882724,250144
Tennessee,1983,2179996,1928527,251469
Tennessee,1984,2224347,2034185,190162
Tennessee,1985,2257243,2077808,179435
Tennessee,1986,2300145,2118432,181713
Tennessee,1987,2334831,2180696,154135
Tennessee,1988,2345200,2208637,136563
Tennessee,1989,2367338,2247161,120177
Tennessee,1990,2394729,2266764,127965
Tennessee,1991,2413716,2250608,163108
Tennessee,1992,2457179,2297364,159815
Tennessee,1993,2526887,2380485,146402
Tennessee,1994,2659938,2531129,128809
Tennessee,1995,2732184,2591472,140712
Tennessee,1996,2767002,2623757,143245
Tennessee,1997,2786082,2639198,146884
Tennessee,1998,2812390,2691517,120873
Tennessee,1999,2852445,2739189,113256
Tennessee,2000,2843069,2733281,109788
Tennessee,2001,2861343,2730988,130355
Tennessee,2002,2906591,2756086,150505
Tennessee,2003,2912187,2748140,164047
Tennessee,2004,2878736,2725108,153628
Tennessee,2005,2904794,2743383,161411
Tennessee,2006,3036029,2878455,157574
Tennessee,2007,3063669,2920352,143317
Tennessee,2008,3054785,2853746,201039
Tennessee,2009,3052678,2733113,319565
Tennessee,2010,3090795,2792063,298732
Tennessee,2011,3125307,2844662,280645
Tennessee,2012,3100671,2857945,242726
Tennessee,2013,3067431,2828479,238952
Tennessee,2014,3024186,2825051,199135
Tennessee,2015,3061506,2889411,172095
Tennessee,2016,3128882,2981610,147272
Tennessee,2017,3190166,3070253,119913
Tennessee,2018,3244921,3131660,113261
Texas,1976,5710482,5381249,329233
Texas,1977,5950809,5633267,317542
Texas,1978,6209219,5909838,299381
Texas,1979,6470105,6190525,279580
Texas,1980,6752517,6404883,347634
Texas,1981,7061470,6686969,374501
Texas,1982,7376503,6867966,508537
Texas,1983,7643814,7037893,605921
Texas,1984,7840165,7360153,480012
Texas,1985,8028508,7463323,565185
Texas,1986,8179583,7463198,716385
Texas,1987,8274343,7576650,697693
Texas,1988,8337079,7724807,612272
Texas,1989,8442930,7881265,561665
Texas,1990,8618927,8073257,545670
Texas,1991,8766240,8160512,605728
Texas,1992,9005336,8317300,688036
Texas,1993,9187561,8530187,657374
Texas,1994,9403041,8793183,609858
Texas,1995,9577635,8997538,580097
Texas,1996,9719628,9165916,553712
Texas,1997,9922250,9395537,526713
Texas,1998,10095846,9603021,492825
Texas,1999,10245857,9767851,478006
Texas,2000,10374053,9929387,444666
Texas,2001,10532732,10011046,521686
Texas,2002,10748810,10065870,682940
Texas,2003,10914664,10185312,729352
Texas,2004,10992359,10338484,653875
Texas,2005,11124240,10523257,600983
Texas,2006,11327995,10774490,553505
Texas,2007,11431631,10941413,490218
Texas,2008,11664390,11104115,560275
Texas,2009,11910799,11008903,901896
Texas,2010,12241970,11244632,997338
Texas,2011,12504498,11535095,969403
Texas,2012,12670455,11818675,851780
Texas,2013,12857595,12052646,804949
Texas,2014,13039452,12374172,665280
Texas,2015,13095837,12513692,582145
Texas,2016,13347311,12731137,616174
Texas,2017,13589208,13002828,586380
Texas,2018,13848080,13314203,533877
Utah,1976,527232,497703,29529
Utah,1977,545853,517830,28023
Utah,1978,567238,545669,21569
Utah,1979,604729,578533,26196
Utah,1980,629827,590777,39050
Utah,1981,647080,604666,42414
Utah,1982,673441,618270,55171
Utah,1983,688079,628089,59990
Utah,1984,704638,659064,45574
Utah,1985,730769,686628,44141
Utah,1986,750189,704533,45656
Utah,1987,755593,708540,47053
Utah,1988,761260,723514,37746
Utah,1989,789203,753358,35845
Utah,1990,822207,786073,36134
Utah,1991,852319,812206,40113
Utah,1992,888853,845770,43083
Utah,1993,940966,902780,38186
Utah,1994,990791,953282,37509
Utah,1995,1012703,977294,35409
Utah,1996,1038967,1003979,34988
Utah,1997,1070223,1036156,34067
Utah,1998,1100830,1060663,40167
Utah,1999,1120920,1081276,39644
Utah,2000,1142044,1103807,38237
Utah,2001,1164077,1112607,51470
Utah,2002,1184751,1116067,68684
Utah,2003,1200236,1132554,67682
Utah,2004,1231160,1169795,61365
Utah,2005,1272445,1220617,51828
Utah,2006,1318450,1279328,39122
Utah,2007,1359129,1324060,35069
Utah,2008,1371201,1322089,49112
Utah,2009,1365850,1266009,99841
Utah,2010,1356097,1249814,106283
Utah,2011,1350444,1259337,91107
Utah,2012,1372971,1298807,74164
Utah,2013,1405630,1341192,64438
Utah,2014,1427065,1372636,54429
Utah,2015,1460656,1407815,52841
Utah,2016,1506239,1454399,51840
Utah,2017,1548262,1497812,50450
Utah,2018,1572136,1523158,48978
Vermont,1976,216308,198294,18014
Vermont,1977,228284,212351,15933
Vermont,1978,239606,226182,13424
Vermont,1979,244838,232231,12607
Vermont,1980,250246,234772,15474
Vermont,1981,257581,242633,14948
Vermont,1982,263223,244873,18350
Vermont,1983,264317,247314,17003
Vermont,1984,268562,254929,13633
Vermont,1985,278950,265592,13358
Vermont,1986,288936,276583,12353
Vermont,1987,295679,285139,10540
Vermont,1988,301054,292060,8994
Vermont,1989,305936,295100,10836
Vermont,1990,304774,289509,15265
Vermont,1991,303590,283676,19914
Vermont,1992,307571,288803,18768
Vermont,1993,312578,296457,16121
Vermont,1994,315615,301185,14430
Vermont,1995,319849,306140,13709
Vermont,1996,323956,310043,13913
Vermont,1997,327878,315053,12825
Vermont,1998,333732,322398,11334
Vermont,1999,336946,326979,9967
Vermont,2000,331404,322129,9275
Vermont,2001,337065,325889,11176
Vermont,2002,343139,329427,13712
Vermont,2003,345971,331122,14849
Vermont,2004,347673,334899,12774
Vermont,2005,350766,338553,12213
Vermont,2006,357007,343865,13142
Vermont,2007,353739,339547,14192
Vermont,2008,354899,338273,16626
Vermont,2009,359836,336104,23732
Vermont,2010,359402,337488,21914
Vermont,2011,358108,338463,19645
Vermont,2012,354857,337284,17573
Vermont,2013,350447,334964,15483
Vermont,2014,347058,333383,13675
Vermont,2015,344627,332354,12273
Vermont,2016,344809,333646,11163
Vermont,2017,346135,335855,10280
Vermont,2018,346061,336838,9223
Virginia,1976,2340718,2203492,137226
Virginia,1977,2406419,2275008,131411
Virginia,1978,2491973,2360420,131553
Virginia,1979,2536127,2415835,120292
Virginia,1980,2560172,2428172,132000
Virginia,1981,2607554,2450737,156817
Virginia,1982,2651253,2453767,197486
Virginia,1983,2721531,2546049,175482
Virginia,1984,2817037,2673670,143367
Virginia,1985,2862792,2705622,157170
Virginia,1986,2913661,2767014,146647
Virginia,1987,3004002,2875916,128086
Virginia,1988,3082007,2960606,121401
Virginia,1989,3151756,3029456,122300
Virginia,1990,3252176,3107094,145082
Virginia,1991,3339309,3142207,197102
Virginia,1992,3400299,3186823,213476
Virginia,1993,3378790,3201717,177073
Virginia,1994,3428901,3262236,166665
Virginia,1995,3451089,3295134,155955
Virginia,1996,3420680,3268553,152127
Virginia,1997,3446323,3314344,131979
Virginia,1998,3485097,3383752,101345
Virginia,1999,3540081,3443020,97061
Virginia,2000,3605811,3522865,82946
Virginia,2001,3670137,3551375,118762
Virginia,2002,3726468,3569570,156898
Virginia,2003,3753703,3599264,154439
Virginia,2004,3795246,3650269,144977
Virginia,2005,3897042,3757592,139450
Virginia,2006,3978641,3855633,123008
Virginia,2007,4036835,3914087,122748
Virginia,2008,4133443,3970428,163015
Virginia,2009,4118171,3842516,275655
Virginia,2010,4157658,3860386,297272
Virginia,2011,4211802,3934326,277476
Virginia,2012,4223844,3967987,255857
Virginia,2013,4237277,3995182,242095
Virginia,2014,4241179,4019470,221709
Virginia,2015,4216135,4028400,187735
Virginia,2016,4242674,4069050,173624
Virginia,2017,4309588,4150132,159456
Virginia,2018,4331380,4202801,128579
Washington,1976,1618814,1474876,143938
Washington,1977,1696825,1553328,143497
Washington,1978,1809342,1685368,123974
Washington,1979,1930439,1802077,128362
Washington,1980,1984675,1823883,160792
Washington,1981,1997449,1806668,190781
Washington,1982,2023476,1781699,241777
Washington,1983,2056817,1828724,228093
Washington,1984,2064244,1872645,191599
Washington,1985,2097674,1922407,175267
Washington,1986,2188078,2010442,177636
Washington,1987,2257364,2091788,165576
Washington,1988,2326789,2180097,146692
Washington,1989,2451094,2306850,144244
Washington,1990,2525326,2392891,132435
Washington,1991,2545980,2384323,161657
Washington,1992,2635812,2442480,193332
Washington,1993,2692270,2494999,197271
Washington,1994,2739472,2559932,179540
Washington,1995,2811332,2630220,181112
Washington,1996,2884868,2710214,174654
Washington,1997,2981747,2835517,146230
Washington,1998,3050487,2904286,146201
Washington,1999,3085544,2935202,150342
Washington,2000,3059339,2901492,157847
Washington,2001,3039367,2847875,191492
Washington,2002,3082839,2854762,228077
Washington,2003,3127404,2895863,231541
Washington,2004,3197095,2996795,200300
Washington,2005,3263703,3082399,181304
Washington,2006,3323938,3156626,167312
Washington,2007,3403163,3243308,159855
Washington,2008,3478577,3291309,187268
Washington,2009,3535200,3211649,323551
Washington,2010,3511326,3160544,350782
Washington,2011,3461428,3140190,321238
Washington,2012,3471282,3189271,282011
Washington,2013,3463869,3219842,244027
Washington,2014,3491487,3277540,213947
Washington,2015,3550450,3349995,200455
Washington,2016,3643698,3451378,192320
Washington,2017,3718900,3543665,175235
Washington,2018,3793095,3622299,170796
West Virginia,1976,697869,646711,51158
West Virginia,1977,711266,662302,48964
West Virginia,1978,738077,692499,45578
West Virginia,1979,770530,717083,53447
West Virginia,1980,786225,711819,74406
West Virginia,1981,786286,703240,83046
West Virginia,1982,782433,673193,109240
West Virginia,1983,765479,629121,136358
West Virginia,1984,764756,651636,113120
West Virginia,1985,757346,657796,99550
West Virginia,1986,747599,659400,88199
West Virginia,1987,747272,666346,80926
West Virginia,1988,748053,674533,73520
West Virginia,1989,756974,691729,65245
West Virginia,1990,762165,697633,64532
West Virginia,1991,776738,694101,82637
West Virginia,1992,778882,690770,88112
West Virginia,1993,779810,697021,82789
West Virginia,1994,782507,713372,69135
West Virginia,1995,784567,722870,61697
West Virginia,1996,795409,735701,59708
West Virginia,1997,796507,741865,54642
West Virginia,1998,795145,742528,52617
West Virginia,1999,804343,752379,51964
West Virginia,2000,809063,764711,44352
West Virginia,2001,809128,768661,40467
West Virginia,2002,799998,752548,47450
West Virginia,2003,786552,738990,47562
West Virginia,2004,783658,741890,41768
West Virginia,2005,790982,750561,40421
West Virginia,2006,806168,766399,39769
West Virginia,2007,811160,773990,37170
West Virginia,2008,812905,777560,35345
West Virginia,2009,814027,751165,62862
West Virginia,2010,811125,740910,70215
West Virginia,2011,807021,741972,65049
West Virginia,2012,807917,747384,60533
West Virginia,2013,798530,744410,54120
West Virginia,2014,788821,736472,52349
West Virginia,2015,781903,729215,52688
West Virginia,2016,782908,735157,47751
West Virginia,2017,779591,739079,40512
West Virginia,2018,783344,742179,41165
Wisconsin,1976,2142236,2023371,118865
Wisconsin,1977,2187868,2076223,111645
Wisconsin,1978,2261573,2148618,112955
Wisconsin,1979,2325984,2219909,106075
Wisconsin,1980,2356163,2186318,169845
Wisconsin,1981,2378803,2188204,190599
Wisconsin,1982,2421495,2166871,254624
Wisconsin,1983,2415317,2167806,247511
Wisconsin,1984,2392021,2215813,176208
Wisconsin,1985,2379204,2208079,171125
Wisconsin,1986,2417601,2249171,168430
Wisconsin,1987,2486571,2339680,146891
Wisconsin,1988,2555148,2442726,112422
Wisconsin,1989,2595987,2483256,112731
Wisconsin,1990,2589873,2476626,113247
Wisconsin,1991,2620564,2476926,143638
Wisconsin,1992,2687155,2549773,137382
Wisconsin,1993,2754297,2623303,130994
Wisconsin,1994,2829522,2701755,127767
Wisconsin,1995,2882201,2773322,108879
Wisconsin,1996,2933003,2827094,105909
Wisconsin,1997,2970086,2864372,105714
Wisconsin,1998,2969590,2870031,99559
Wisconsin,1999,2947247,2855212,92035
Wisconsin,2000,2973221,2868382,104839
Wisconsin,2001,3011703,2875585,136118
Wisconsin,2002,3024319,2861621,162698
Wisconsin,2003,3053642,2879779,173863
Wisconsin,2004,3034581,2882064,152517
Wisconsin,2005,3021086,2878086,143000
Wisconsin,2006,3058935,2914150,144785
Wisconsin,2007,3087828,2936452,151376
Wisconsin,2008,3091796,2940438,151358
Wisconsin,2009,3100348,2834335,266013
Wisconsin,2010,3081512,2814393,267119
Wisconsin,2011,3079759,2840996,238763
Wisconsin,2012,3073981,2857418,216563
Wisconsin,2013,3079305,2871997,207308
Wisconsin,2014,3081543,2914992,166551
Wisconsin,2015,3092181,2951483,140698
Wisconsin,2016,3125311,3000231,125080
Wisconsin,2017,3140410,3037453,102957
Wisconsin,2018,3133294,3039295,93999
Wyoming,1976,179878,172740,7138
Wyoming,1977,194801,188203,6598
Wyoming,1978,209688,203404,6284
Wyoming,1979,223061,216970,6091
Wyoming,1980,235940,226853,9087
Wyoming,1981,249994,239862,10132
Wyoming,1982,257381,241411,15970
Wyoming,1983,259713,238539,21174
Wyoming,1984,254140,238247,15893
Wyoming,1985,251849,234585,17264
Wyoming,1986,250778,228478,22300
Wyoming,1987,240530,221169,19361
Wyoming,1988,237937,222576,15361
Wyoming,1989,237771,223160,14611
Wyoming,1990,235964,223437,12527
Wyoming,1991,235670,223326,12344
Wyoming,1992,238859,225504,13355
Wyoming,1993,242868,229895,12973
Wyoming,1994,250668,238226,12442
Wyoming,1995,255335,243076,12259
Wyoming,1996,255836,243205,12631
Wyoming,1997,253828,241684,12144
Wyoming,1998,257589,245490,12099
Wyoming,1999,262758,250605,12153
Wyoming,2000,266808,256414,10394
Wyoming,2001,269359,259089,10270
Wyoming,2002,269546,258650,10896
Wyoming,2003,273620,261970,11650
Wyoming,2004,274794,264321,10473
Wyoming,2005,276527,266630,9897
Wyoming,2006,281247,272336,8911
Wyoming,2007,286560,278486,8074
Wyoming,2008,293279,284310,8969
Wyoming,2009,300120,281150,18970
Wyoming,2010,303297,283744,19553
Wyoming,2011,306815,289019,17796
Wyoming,2012,307267,290932,16335
Wyoming,2013,306608,292131,14477
Wyoming,2014,305970,293302,12668
Wyoming,2015,304403,291295,13108
Wyoming,2016,300732,284681,16051
Wyoming,2017,292923,280689,12234
Wyoming,2018,289574,277820,11754
Total,1976,96158000,88752000,7406000
Total,1977,99009000,92017000,6992000
Total,1978,102251000,96048000,6203000
Total,1979,104962000,98824000,6138000
Total,1980,106940000,99303000,7637000
Total,1981,108670000,100397000,8273000
Total,1982,110204000,99526000,10678000
Total,1983,111550000,100834000,10716000
Total,1984,113544000,105005000,8539000
Total,1985,115461000,107150000,8311000
Total,1986,117834000,109597000,8237000
Total,1987,119865000,112440000,7425000
Total,1988,121669000,114968000,6701000
Total,1989,123869000,117342000,6527000
Total,1990,125840000,118793000,7047000
Total,1991,126346000,117718000,8628000
Total,1992,128105000,118492000,9613000
Total,1993,129200000,120259000,8941000
Total,1994,131056000,123060000,7996000
Total,1995,132304000,124900000,7404000
Total,1996,133943000,126708000,7235000
Total,1997,136297000,129558000,6739000
Total,1998,137673000,131463000,6210000
Total,1999,139368000,133488000,5880000
Total,2000,142583000,136891000,5692000
Total,2001,143734000,136933000,6801000
Total,2002,144863000,136485000,8378000
Total,2003,146510000,137736000,8774000
Total,2004,147401000,139252000,8149000
Total,2005,149320000,141730000,7590000
Total,2006,151428000,144427000,7001000
Total,2007,153124000,146047000,7077000
Total,2008,154287000,145362000,8925000
Total,2009,154142000,139877000,14265000
Total,2010,153889000,139064000,14825000
Total,2011,153617000,139869000,13748000
Total,2012,154975000,142469000,12506000
Total,2013,155389000,143929000,11460000
Total,2014,155922000,146305000,9617000
Total,2015,157130000,148834000,8296000
Total,2016,159187000,151436000,7751000
Total,2017,160320000,153337000,6983000
Total,2018,162075000,155761000,6314000